3429 1822 3228 1621 4034 1218 3832 1116 4238 0712
3429 2025 4034 1420 4440 1014 3228 1721 3126 1924
3329 1923 3530 2025 4035 1420 4440 1014 3833 1419
3429 2025 4034 1420 4440 1014 3228 1721 3126 1924
3228 1721 3429 2126 4034 1117 4540 2025 5045 0611
3328 1822 3833 1218 4238 0712 4742 0107 3126 1923
3228 1721 3732 1117 3126 1822 4137 1318 3731 0913
3228 1721 3832 2126 4338 1117 3329 2025 3933 1721
3429 1822 3228 1621 4034 1218 3832 1116 4238 0712
3429 2025 4034 1520 4540 1015 5045 0510 3228 1721
3429 2025 3934 1420 4439 1014 3228 0510 2823
3429 2025 4034 1420 4440 1014 3228 0510 2823
3228 1721 3126 1923 3228 1721 3126 1923
3429 1923 4034 1419 4540 2025 3228
3429 1923 4034 1419 4540 2025 3228
3127 1721 3731 2126 3228
3429 1722 3228 1923
3429 1722 3228 1923
3228 1721 3126 1923
3228 1823 3329
3228 1823 3429
