3329 1923 3530 1419 4035 1014 3025 
3329 1722 3933 1117 4439 0611 5044 0106 3126 
3228 1822 3732 1218 4137 0712 4641 0107 3126 
3329 1722 3933 1117 4439 0611 5044 0106 3228 
3329 1722 3933 1117 4439 0611 5044 1923 3126 
3329 1923 3530 2025 3024 1420 3833 1014 4238 
3429 1822 3228 1621 4034 1318 4540 0913 3126 
3429 1923 4034 1721 4540 1419 3328 1014 3833 
3329 1722 3933 1117 4439 0611 5044 0106 3228 
3429 1923 4034 1419 4540 1721 3328 2126 3833 
3429 1923 4034 1419 4540 1721 3328 1014 3833 
3329 1721 3933 2126 4439 1117 5044 0611 3228 
3429 1923 4034 1419 4540 1014 5045 0510 2924
3429 1923 4034 1419 4540 1014 5045 0510 2924
3429 1722 3228 1117 3732 0611 4137 
3228 1721 3732 2126 4137 1117 3430 
3228 1721 3732 2126 4137 1117 3429 
3429 2025 4034 1420 4540 1014 2924
3429 1923 4034 1419 4540 1014 2924
3429 1923 4034 1419 4540 1014 2924
3329 1822 3126 1924 3631
3228 2025 3329 
3228 1823 3329
3228 1823 3329
3430 2025 3228
3329 1722 3933 1117 4439 0611 4944 1923 3228  
3329 2025 3933 1420 4439 1014 3228 
3329 1923 3228  
3329 1722 3933 1117 4439 0611 4944 0106 3126 
3329 1721 3833 2126 4238 1117 4742 1722 3430   
3429 1923 4034 1419 3328 1014 3933 0510 4439  
3329 1923 3933 1419 4439 1014 3328 1721 3833 
3329 1721 3833 2126 4238 1117 4742 0711 3430   
3227 1923 3832 1419 4338 1014 4943 0510 3126 
3430 2025 3126 
3430 2025 3126 
3430 2025 3126 
3430 1721 3024 
3430 2025 3126 
3430 2025 3126 
3126 2025 3430    
3228 1721 3732 1117 3126 1822 4137 0711 3429  
3126 1722 3228 1117 3732  
3228 1823 3832 1218 4238 0712 4742 2024 3429
3228 1721 3732 2126 4137 1117 3429   
3329 1722 3933 1923 3530 2025 4439 1419 3228 
3328 1822 3833 1218 3126 
3126 1823 3631 1218 4136 0712 4641 2025 3127   
3126 1923 3631 1419 4136 1014 3430 2024 3025   
3328 1721 3126  
